t(sec)	BaseTemp(C)	D1C(A)	D2C(A)	D1T(C)	D2T(C)	VT(C)	LBOT(C)	ET(C)	Power(W)
   0.3	 20.34	  0.5	  0.4\  25.6	  22.9	   20.7	  147.8	  51.0	  0.0
  20.5	 20.36	  8.0	  8.3\  25.7	  22.8	   22.3	  147.7	  51.0	  5.0
  40.9	 20.36	 21.3	 21.5\  25.7	  23.3	   27.8	  147.8	  51.1	  1.0
  61.2	 21.20	 35.6	 35.9\  25.8	  23.2	   32.0	  147.8	  51.1	  1.0
  81.5	 21.20	 42.3	 42.6\  25.9	  23.3	   31.0	  148.1	  52.8	  1.0
 101.8	 28.05	 44.6	 45.0\  25.9	  23.2	   30.3	  148.0	  53.1	  1.0
 122.1	 28.26	 45.3	 45.7\  25.8	  23.1	   29.6	  147.8	  52.0	304.0
 142.3	 28.26	 45.6	 45.9\  25.7	  23.0	   29.9	  147.8	  51.4	3534.0
 162.6	 28.03	 45.6	 46.0\  25.8	  23.0	   30.1	  147.8	  51.5	3525.0
 182.9	 28.03	 45.8	 46.2\  25.7	  23.0	   30.0	  147.8	  51.2	3494.0
 203.2	 28.35	 45.5	 45.9\  25.7	  23.0	   30.0	  147.8	  51.3	3529.0
 223.4	 28.35	 45.5	 45.9\  25.7	  23.0	   30.1	  147.8	  51.3	3518.0
 243.7	 28.61	 46.0	 46.4\  25.6	  23.0	   30.1	  147.8	  51.1	3409.0
 264.0	 28.61	 45.4	 45.9\  25.7	  22.9	   30.0	  147.8	  51.3	3518.0
 284.3	 28.81	 45.4	 45.8\  25.6	  22.9	   30.0	  147.8	  51.3	3515.0
 304.6	 28.81	 45.5	 45.9\  25.6	  22.9	   30.1	  147.8	  51.2	3512.0
 324.8	 29.00	 45.6	 46.0\  25.7	  22.9	   30.1	  147.8	  51.1	3503.0
 345.1	 29.14	 45.4	 45.8\  25.6	  22.9	   30.0	  147.8	  51.3	3517.0
 365.4	 29.14	 45.4	 45.8\  25.6	  22.9	   30.0	  147.8	  51.4	3518.0
 385.7	 29.30	 45.3	 45.8\  25.6	  22.9	   30.0	  147.8	  51.3	3514.0
 406.0	 29.30	 45.4	 45.8\  25.7	  22.9	   30.0	  147.8	  51.1	3508.0
 426.3	 29.42	 45.5	 45.9\  25.6	  22.9	   30.1	  147.8	  51.1	3510.0
 446.5	 29.42	 45.5	 45.9\  25.6	  22.9	   30.0	  147.8	  51.2	3509.0
 466.8	 29.53	 45.5	 45.9\  25.6	  22.9	   30.0	  147.7	  51.2	3511.0
 487.1	 29.53	 45.5	 45.9\  25.6	  22.9	   30.1	  147.7	  51.1	3506.0
 507.4	 29.69	 45.9	 46.2\  25.6	  22.9	   30.0	  147.8	  51.2	3469.0
 527.7	 29.69	 45.3	 45.8\  25.6	  22.9	   30.0	  147.8	  51.3	3517.0
 548.0	 29.77	 45.3	 45.8\  25.6	  22.9	   30.0	  147.8	  51.3	3521.0
 568.2	 29.82	 45.4	 45.8\  25.6	  22.9	   30.1	  147.8	  51.2	3523.0
 588.5	 29.82	 45.6	 46.0\  25.6	  22.9	   30.0	  147.8	  51.1	3510.0
 608.7	 29.96	 45.4	 45.8\  25.6	  22.9	   30.0	  147.8	  51.2	3507.0
 629.0	 29.96	 45.3	 45.8\  25.6	  22.9	   30.0	  147.8	  51.4	3515.0
 649.2	 30.06	 45.4	 45.8\  25.6	  22.9	   30.0	  147.8	  51.3	3514.0
 669.5	 30.06	 45.4	 45.8\  25.6	  22.9	   30.0	  147.7	  51.1	3509.0
 689.8	 30.11	 45.5	 45.9\  25.6	  22.9	   30.0	  147.8	  51.1	3509.0
 710.1	 30.11	 45.4	 45.9\  25.6	  22.9	   30.0	  147.8	  51.2	3513.0
 730.4	 30.14	 45.5	 45.8\  25.6	  22.9	   30.0	  147.8	  51.1	3512.0
 750.7	 30.14	 45.5	 45.9\  25.6	  22.9	   30.1	  147.8	  51.1	3516.0
 770.9	 30.19	 45.5	 45.9\  25.7	  22.9	   30.0	  147.8	  51.1	3518.0
 791.2	 30.32	 45.5	 45.9\  25.6	  22.9	   30.0	  147.8	  51.1	3523.0
 811.5	 30.32	 45.3	 45.7\  25.6	  22.9	   30.0	  147.8	  51.4	3527.0
 831.8	 30.30	 45.3	 45.7\  25.7	  22.9	   30.0	  147.8	  51.3	3527.0
 852.1	 30.30	 45.5	 45.9\  25.6	  22.9	   30.1	  147.8	  51.1	3522.0
 872.4	 30.43	 45.3	 45.7\  25.6	  22.9	   30.0	  147.8	  51.1	3532.0
 892.6	 30.43	 45.3	 45.7\  25.6	  22.9	   30.0	  147.8	  51.1	3532.0
 912.9	 30.45	 45.3	 45.8\  25.6	  22.9	   30.1	  147.8	  51.0	3532.0
 933.2	 30.45	 45.4	 45.8\  25.6	  22.9	   30.0	  147.8	  51.0	3532.0
 953.5	 30.44	 45.4	 45.8\  25.6	  22.9	   30.0	  147.8	  51.0	3536.0
 973.8	 30.44	 45.4	 45.8\  25.7	  22.9	   30.0	  147.8	  51.0	3536.0
 994.0	 30.49	 45.4	 45.9\  25.6	  22.9	   30.1	  147.7	  51.0	3536.0
1014.3	 30.56	 45.4	 45.8\  25.6	  22.9	   30.0	  147.8	  51.0	3539.0
1034.6	 30.56	 45.4	 45.8\  25.6	  22.9	   30.0	  147.7	  51.1	3539.0
1054.9	 30.56	 45.5	 45.8\  25.6	  22.9	   30.1	  147.8	  51.0	3531.0
1075.2	 30.56	 45.5	 45.9\  25.6	  22.9	   30.0	  147.8	  51.0	3543.0
1095.5	 30.64	 45.5	 45.9\  25.6	  22.9	   30.0	  147.7	  51.1	3549.0
1115.7	 30.64	 45.5	 45.9\  25.6	  22.9	   30.0	  147.8	  51.1	3552.0
1136.0	 30.70	 45.5	 45.9\  25.6	  22.9	   30.0	  147.8	  51.0	3551.0
1156.3	 30.70	 45.5	 45.9\  25.6	  22.9	   30.0	  147.8	  51.0	3550.0
1176.6	 30.74	 45.5	 46.0\  25.6	  22.9	   30.0	  147.8	  51.0	3549.0
1196.8	 30.74	 45.5	 46.0\  25.6	  22.9	   30.0	  147.8	  51.1	3551.0
1217.1	 30.80	 45.6	 46.1\  25.6	  22.9	   30.0	  147.8	  51.1	3544.0
1237.4	 30.84	 45.4	 45.8\  25.6	  22.9	   30.0	  147.8	  51.2	3567.0
1257.7	 30.84	 45.4	 45.8\  25.6	  22.9	   30.0	  147.8	  51.1	3564.0
1277.9	 30.85	 45.5	 45.9\  25.6	  22.9	   30.0	  147.8	  51.0	3564.0
1298.2	 30.85	 45.5	 45.9\  25.6	  22.9	   30.0	  147.8	  51.1	3563.0
1318.5	 30.83	 45.5	 45.9\  25.6	  22.9	   30.0	  147.7	  51.1	3563.0
1338.8	 30.83	 45.5	 45.9\  25.6	  22.9	   30.0	  147.8	  51.0	3565.0
1359.1	 30.88	 45.5	 45.9\  25.6	  22.9	   30.0	  147.8	  51.1	3562.0
1379.4	 30.88	 45.5	 45.9\  25.6	  22.9	   30.0	  147.8	  51.1	3563.0
1399.7	 30.92	 45.5	 46.0\  25.6	  22.9	   30.0	  147.8	  51.0	3565.0
1420.0	 30.92	 45.6	 46.0\  25.6	  22.9	   30.0	  147.8	  51.0	3557.0
1440.3	 30.96	 45.6	 46.0\  25.6	  22.9	   30.0	  147.8	  51.0	3567.0
1460.5	 30.99	 45.3	 45.8\  25.6	  22.9	   30.0	  147.8	  51.1	3577.0
1480.8	 30.99	 45.4	 45.8\  25.6	  22.9	   30.0	  147.7	  51.0	3575.0
1501.1	 30.99	 45.5	 45.9\  25.6	  23.0	   30.1	  147.8	  51.0	3567.0
1521.4	 30.99	 45.4	 45.8\  25.6	  22.9	   30.0	  147.8	  51.1	3571.0
1541.7	 31.02	 45.5	 45.9\  25.6	  22.9	   30.0	  147.7	  51.0	3571.0
1562.0	 31.02	 45.5	 45.9\  25.6	  22.9	   30.0	  147.8	  51.0	3571.0
1582.3	 31.02	 45.5	 45.9\  25.6	  22.9	   30.0	  147.8	  51.0	3574.0
1602.6	 31.02	 45.5	 45.9\  25.6	  22.9	   30.0	  147.8	  51.1	3576.0
1622.9	 31.03	 45.6	 46.0\  25.6	  23.0	   30.0	  147.7	  51.0	3571.0
1643.2	 31.03	 45.5	 45.8\  25.6	  22.9	   30.0	  147.8	  51.1	3584.0
1663.4	 31.13	 45.3	 45.7\  25.6	  22.9	   30.0	  147.7	  51.1	3587.0
1683.7	 31.09	 45.4	 45.8\  25.6	  22.9	   30.0	  147.8	  51.0	3585.0
1704.0	 31.09	 45.5	 45.8\  25.6	  22.9	   30.0	  147.8	  51.1	3585.0
1724.3	 31.16	 45.4	 45.8\  25.6	  22.9	   30.0	  147.8	  51.0	3580.0
1744.5	 31.16	 45.5	 45.8\  25.6	  22.9	   30.0	  147.8	  51.0	3581.0
1764.8	 31.16	 45.5	 45.9\  25.6	  22.9	   30.0	  147.8	  51.0	3590.0
1785.1	 31.16	 45.5	 45.9\  25.6	  22.9	   30.1	  147.7	  51.1	3591.0
1805.4	 31.19	 45.5	 45.9\  25.6	  22.9	   30.0	  147.8	  51.0	3590.0
1825.7	 31.19	 45.6	 46.0\  25.6	  22.9	   30.0	  147.8	  50.9	3589.0
1846.0	 31.22	 45.2	 45.6\  25.6	  22.9	   30.0	  147.8	  51.1	3606.0
1866.2	 31.22	 45.4	 45.8\  25.6	  22.9	   30.0	  147.8	  51.0	3602.0
1886.5	 31.23	 45.4	 45.8\  25.6	  22.9	   30.0	  147.8	  51.0	3603.0
1906.8	 31.16	 45.4	 45.9\  25.6	  22.9	   30.0	  147.7	  51.0	3601.0
1927.1	 31.16	 45.4	 45.8\  25.6	  22.9	   30.0	  147.8	  51.0	3604.0
1947.4	 31.23	 45.5	 45.9\  25.6	  22.9	   30.0	  147.8	  51.0	3601.0
1967.6	 31.23	 45.4	 45.8\  25.6	  22.9	   30.0	  147.7	  51.1	3603.0
1987.9	 31.23	 45.5	 45.9\  25.6	  22.9	   30.0	  147.8	  51.1	3603.0
2008.2	 31.23	 45.5	 45.9\  25.6	  22.9	   30.0	  147.8	  51.0	3595.0
2028.5	 31.24	 45.5	 45.9\  25.6	  22.9	   30.0	  147.8	  51.0	3594.0
2048.8	 31.24	 45.5	 46.0\  25.6	  22.9	   30.0	  147.8	  51.1	3598.0
2069.1	 31.26	 45.5	 45.9\  25.6	  22.9	   30.0	  147.8	  51.1	3599.0
2089.4	 31.26	 45.5	 45.9\  25.6	  22.9	   30.0	  147.7	  51.0	3598.0
2109.6	 31.27	 45.5	 45.9\  25.6	  22.9	   30.0	  147.8	  51.0	3602.0
2129.9	 31.25	 45.6	 45.9\  25.6	  22.9	   30.0	  147.8	  51.1	3599.0
2150.2	 31.25	 45.6	 46.0\  25.6	  22.9	   30.0	  147.8	  51.0	3597.0
2170.5	 31.31	 45.5	 46.0\  25.6	  22.9	   30.0	  147.8	  51.0	3604.0
2190.8	 31.31	 45.3	 45.7\  25.6	  22.9	   30.0	  147.8	  51.1	3616.0
2211.1	 31.29	 45.3	 45.8\  25.6	  22.9	   30.0	  147.8	  51.1	3614.0
2231.4	 31.29	 45.5	 45.9\  25.6	  22.9	   30.1	  147.8	  51.0	3610.0
2251.7	 31.32	 45.5	 45.9\  25.6	  22.9	   30.0	  147.7	  50.9	3609.0
2272.0	 31.32	 45.4	 45.8\  25.6	  22.9	   30.0	  147.7	  51.1	3612.0
2292.3	 31.35	 45.5	 45.9\  25.6	  22.9	   30.0	  147.7	  51.1	3611.0
2312.5	 31.35	 45.5	 45.9\  25.6	  22.9	   30.0	  147.8	  51.0	3611.0
2332.8	 31.36	 45.5	 45.9\  25.6	  22.9	   30.0	  147.7	  51.0	3610.0
2353.1	 31.35	 45.5	 45.9\  25.6	  22.9	   30.0	  147.8	  51.1	3614.0
2373.4	 31.35	 45.5	 45.9\  25.6	  22.9	   30.0	  147.7	  51.0	3608.0
2393.7	 31.35	 45.5	 45.9\  25.6	  22.9	   30.0	  147.8	  51.0	3611.0
2413.9	 31.35	 45.5	 45.9\  25.6	  22.9	   30.0	  147.8	  51.0	3609.0
2434.2	 31.36	 45.5	 45.9\  25.6	  22.9	   30.0	  147.8	  51.0	3608.0
2454.5	 31.36	 45.5	 45.9\  25.6	  22.9	   30.0	  147.7	  51.0	3606.0
2474.8	 31.38	 45.5	 45.9\  25.6	  22.9	   30.0	  147.7	  51.0	3608.0
2495.1	 31.38	 45.5	 46.0\  25.6	  22.9	   30.0	  147.7	  51.0	3607.0
2515.3	 31.38	 45.5	 45.9\  25.6	  22.9	   30.0	  147.8	  51.0	3609.0
2535.7	 31.38	 45.6	 45.9\  25.6	  22.9	   30.0	  147.8	  51.1	3612.0
2555.9	 31.39	 45.6	 46.0\  25.6	  22.9	   30.0	  147.8	  51.0	3608.0
2576.2	 31.42	 45.3	 45.7\  25.6	  22.9	   30.0	  147.8	  51.1	3627.0
2596.5	 31.42	 45.4	 45.8\  25.6	  22.9	   30.0	  147.8	  51.1	3628.0
2616.8	 31.45	 45.5	 45.9\  25.6	  22.9	   30.0	  147.7	  51.0	3624.0
2637.1	 31.45	 45.5	 45.9\  25.6	  22.9	   30.0	  147.8	  51.0	3624.0
2657.3	 31.49	 45.5	 45.9\  25.6	  22.9	   30.0	  147.8	  51.0	3626.0
2677.6	 31.49	 45.5	 45.8\  25.6	  22.9	   30.0	  147.7	  51.1	3628.0
2697.9	 31.49	 45.5	 45.9\  25.6	  22.9	   30.0	  147.8	  51.0	3623.0
2718.3	 31.49	 45.5	 45.9\  25.6	  22.9	   30.0	  147.8	  51.0	3624.0
2738.6	 31.49	 45.5	 45.9\  25.6	  22.9	   30.0	  147.7	  51.0	3626.0
2758.8	 31.49	 45.5	 45.9\  25.6	  22.9	   30.0	  147.8	  51.0	3625.0
2779.1	 31.52	 45.5	 45.9\  25.6	  22.9	   30.0	  147.8	  51.0	3624.0
2799.4	 31.55	 45.5	 45.9\  25.6	  22.9	   30.0	  147.8	  51.0	3623.0
2819.7	 31.55	 45.3	 45.7\  25.6	  22.9	   30.0	  147.8	  51.2	3640.0
2840.0	 31.53	 45.4	 45.8\  25.6	  22.9	   30.0	  147.8	  51.0	3631.0
2860.3	 31.53	 45.5	 45.8\  25.6	  22.9	   30.0	  147.8	  51.0	3633.0
2880.5	 31.55	 45.4	 45.8\  25.6	  22.9	   30.0	  147.8	  51.0	3635.0
2900.8	 31.55	 45.4	 45.8\  25.6	  22.9	   30.0	  147.7	  51.0	3632.0
2921.1	 31.53	 45.4	 45.8\  25.6	  22.9	   30.0	  147.8	  51.0	3632.0
2941.4	 31.53	 45.4	 45.8\  25.6	  22.9	   30.0	  147.8	  51.1	3635.0
2961.7	 31.55	 45.4	 45.8\  25.6	  22.9	   30.0	  147.7	  51.0	3631.0
2982.0	 31.55	 45.4	 45.8\  25.6	  22.9	   30.0	  147.8	  50.9	3633.0
3002.2	 31.53	 45.4	 45.9\  25.6	  22.9	   30.0	  147.8	  51.1	3634.0
3022.5	 31.55	 45.4	 45.8\  25.6	  22.9	   30.0	  147.8	  51.0	3633.0
3042.7	 31.55	 45.5	 45.9\  25.6	  22.9	   30.0	  147.7	  50.9	3630.0
3063.0	 31.56	 45.4	 45.8\  25.6	  22.9	   30.0	  147.8	  51.0	3631.0
3083.3	 31.56	 45.4	 45.8\  25.6	  22.9	   30.0	  147.8	  51.1	3630.0
3103.6	 31.55	 45.4	 45.8\  25.6	  22.9	   30.0	  147.7	  51.1	3632.0
3123.8	 31.55	 45.5	 45.9\  25.6	  22.9	   30.0	  147.8	  51.0	3631.0
3144.1	 31.55	 45.5	 45.9\  25.6	  22.9	   30.0	  147.8	  50.9	3630.0
3164.4	 31.55	 45.5	 45.9\  25.6	  22.9	   30.0	  147.8	  51.1	3633.0
3184.7	 31.53	 45.5	 45.9\  25.6	  22.9	   30.0	  147.8	  51.1	3633.0
3205.0	 31.53	 45.5	 45.9\  25.7	  22.9	   30.0	  147.8	  51.0	3630.0
3225.2	 31.55	 45.4	 45.8\  25.6	  22.9	   30.0	  147.7	  51.1	3636.0
3245.5	 31.55	 45.5	 45.8\  25.6	  22.9	   30.0	  147.8	  51.1	3629.0
3265.8	 31.55	 45.5	 45.9\  25.6	  22.9	   30.0	  147.8	  50.9	3632.0
3286.1	 31.56	 45.5	 45.9\  25.6	  22.9	   30.0	  147.8	  51.0	3635.0
3306.3	 31.56	 45.5	 45.9\  25.6	  22.9	   30.0	  147.7	  51.1	3633.0
3326.6	 31.56	 45.5	 45.9\  25.6	  22.9	   30.0	  147.8	  51.0	3633.0
3346.9	 31.56	 45.5	 45.9\  25.6	  22.9	   30.0	  147.7	  50.9	3633.0
3367.2	 31.58	 45.5	 45.9\  25.6	  22.9	   30.0	  147.8	  51.1	3637.0
3387.5	 31.58	 45.5	 45.9\  25.6	  22.9	   30.0	  147.7	  51.0	3634.0
3407.7	 31.56	 45.5	 45.9\  25.6	  22.9	   30.0	  147.7	  51.0	3636.0
3428.0	 31.56	 45.5	 45.9\  25.6	  22.9	   30.0	  147.8	  51.1	3636.0
3448.3	 31.58	 45.6	 46.0\  25.6	  22.9	   30.0	  147.7	  50.9	3632.0
3468.6	 31.58	 45.5	 45.9\  25.6	  22.9	   30.0	  147.7	  51.1	3638.0
3488.8	 31.58	 45.6	 46.0\  25.6	  22.9	   30.0	  147.8	  51.0	3634.0
3509.1	 31.58	 45.5	 45.8\  25.6	  22.9	   30.0	  147.8	  51.0	3643.0
3529.4	 31.58	 45.3	 45.7\  25.6	  22.9	   30.0	  147.8	  51.1	3649.0
3549.7	 31.59	 45.4	 45.8\  25.6	  22.9	   30.0	  147.8	  51.0	3646.0
3569.9	 31.59	 45.4	 45.8\  25.6	  22.9	   30.0	  147.7	  51.1	3645.0
3590.2	 31.58	 45.5	 45.8\  25.6	  22.9	   30.0	  147.8	  51.0	3643.0
3610.5	 31.58	 45.4	 45.8\  25.6	  22.9	   30.0	  147.8	  50.9	3642.0
3630.8	 31.59	 45.5	 45.8\  25.6	  22.9	   30.0	  147.8	  51.0	3647.0
3651.1	 31.59	 45.5	 45.9\  25.6	  22.9	   30.0	  147.7	  51.1	3647.0
3671.3	 31.59	 45.5	 46.0\  25.6	  22.9	   30.0	  147.8	  51.0	3642.0
3691.6	 31.59	 45.5	 45.9\  25.6	  22.9	   30.0	  147.8	  51.0	3648.0
3711.9	 31.59	 45.5	 45.9\  25.6	  22.9	   30.0	  147.8	  51.1	3646.0
3732.2	 31.59	 45.5	 45.9\  25.6	  22.9	   30.0	  147.8	  51.1	3642.0
3752.4	 31.59	 45.5	 45.9\  25.6	  22.9	   30.0	  147.7	  51.0	3645.0
3772.7	 31.58	 45.5	 45.8\  25.6	  22.9	   30.0	  147.8	  51.1	3642.0
3793.0	 31.58	 45.5	 45.9\  25.6	  22.9	   30.0	  147.8	  51.1	3648.0
3813.3	 31.60	 45.5	 45.9\  25.6	  22.9	   30.0	  147.8	  50.9	3646.0
3833.6	 31.60	 45.5	 45.9\  25.6	  22.9	   30.0	  147.8	  51.0	3645.0
3853.8	 31.60	 45.5	 45.9\  25.6	  22.9	   30.0	  147.8	  51.1	3646.0
3874.1	 31.60	 45.5	 45.9\  25.6	  22.9	   30.0	  147.8	  51.0	3653.0
3894.4	 31.62	 45.3	 45.7\  25.6	  22.9	   30.0	  147.8	  51.1	3661.0
3914.7	 31.60	 45.4	 45.8\  25.6	  22.9	   30.0	  147.8	  51.0	3654.0
3934.9	 31.60	 45.4	 45.8\  25.6	  22.9	   30.0	  147.8	  51.0	3657.0
3955.2	 31.69	 45.4	 45.8\  25.6	  22.9	   30.0	  147.7	  51.0	3655.0
3975.5	 31.69	 45.4	 45.8\  25.6	  22.9	   30.0	  147.8	  51.0	3652.0
3995.8	 31.69	 45.4	 45.8\  25.6	  22.9	   30.0	  147.8	  50.9	3652.0
4016.1	 31.69	 45.4	 45.8\  25.6	  22.9	   30.0	  147.7	  51.1	3655.0
4036.4	 31.71	 45.4	 45.8\  25.6	  22.9	   30.0	  147.8	  51.1	3655.0
4056.7	 31.71	 45.4	 45.9\  25.6	  22.9	   30.0	  147.8	  51.0	3653.0
4077.0	 31.71	 45.4	 45.8\  25.6	  22.9	   30.0	  147.8	  50.9	3654.0
4097.3	 31.71	 45.4	 45.8\  25.6	  22.9	   30.0	  147.7	  51.0	3654.0
4117.5	 31.71	 45.4	 45.8\  25.6	  22.9	   30.0	  147.8	  51.1	3650.0
4137.8	 31.68	 45.4	 45.8\  25.6	  22.9	   30.0	  147.7	  51.0	3651.0
4158.1	 31.68	 45.4	 45.8\  25.6	  22.9	   30.0	  147.8	  50.9	3651.0
4178.4	 31.69	 45.4	 45.8\  25.6	  22.9	   30.0	  147.8	  51.0	3653.0
4198.6	 31.69	 45.4	 45.8\  25.6	  22.9	   30.0	  147.8	  51.0	3650.0
4218.9	 31.72	 45.4	 45.8\  25.6	  22.9	   30.0	  147.8	  51.1	3649.0
4239.2	 31.72	 45.5	 45.8\  25.6	  22.9	   30.0	  147.8	  50.9	3652.0
4259.5	 31.69	 45.4	 45.8\  25.6	  22.9	   30.0	  147.7	  51.0	3654.0
4279.8	 31.69	 45.4	 45.8\  25.6	  22.9	   30.0	  147.8	  51.1	3654.0
4300.0	 31.72	 45.5	 45.9\  25.6	  22.9	   30.0	  147.7	  51.0	3646.0
4320.3	 31.72	 45.5	 45.9\  25.6	  22.9	   30.0	  147.8	  50.9	3652.0
4340.6	 31.73	 45.4	 45.8\  25.6	  22.9	   30.0	  147.8	  51.1	3656.0
4360.8	 31.73	 45.5	 45.9\  25.6	  22.9	   30.0	  147.8	  51.0	3650.0
4381.1	 31.73	 45.5	 45.9\  25.6	  22.9	   30.0	  147.8	  51.0	3650.0
4401.4	 31.73	 45.4	 45.8\  25.6	  22.9	   30.0	  147.8	  51.1	3654.0
4421.6	 31.73	 45.5	 45.9\  25.6	  22.9	   30.0	  147.8	  51.0	3650.0
4441.9	 31.76	 45.5	 45.9\  25.6	  22.9	   30.0	  147.8	  50.9	3651.0
4462.2	 31.76	 45.5	 45.8\  25.6	  22.9	   30.0	  147.8	  51.0	3651.0
4482.5	 31.76	 45.5	 45.8\  25.6	  22.9	   30.0	  147.7	  51.1	3652.0
4502.8	 31.76	 45.5	 45.9\  25.6	  22.9	   30.0	  147.8	  51.0	3648.0
4523.0	 31.75	 45.5	 45.8\  25.6	  22.9	   30.0	  147.8	  51.0	3651.0
4543.3	 31.75	 45.5	 45.9\  25.6	  22.9	   30.0	  147.7	  51.0	3650.0
4563.6	 31.78	 45.5	 45.9\  25.6	  22.9	   30.0	  147.8	  51.0	3650.0
4583.9	 31.75	 45.5	 45.9\  25.6	  22.9	   30.0	  147.8	  51.0	3650.0
4604.2	 31.75	 45.5	 45.8\  25.6	  22.9	   30.0	  147.8	  51.0	3654.0
4624.5	 31.76	 45.5	 45.9\  25.6	  22.9	   30.0	  147.8	  51.1	3650.0
4644.7	 31.76	 45.5	 45.9\  25.6	  22.9	   30.0	  147.8	  51.0	3648.0
4665.0	 31.75	 45.5	 45.9\  25.6	  22.9	   30.0	  147.7	  51.0	3651.0
4685.2	 31.75	 45.5	 45.9\  25.6	  22.9	   30.0	  147.8	  51.0	3652.0
4705.5	 31.78	 45.5	 45.9\  25.6	  22.9	   30.0	  147.8	  51.1	3652.0
4725.8	 31.78	 45.5	 45.9\  25.6	  22.9	   30.0	  147.8	  51.0	3650.0
4746.1	 31.75	 45.5	 45.9\  25.6	  22.9	   30.0	  147.8	  50.9	3648.0
4766.4	 31.75	 45.5	 45.9\  25.6	  22.9	   30.0	  147.8	  51.0	3653.0
4786.7	 31.76	 45.5	 45.9\  25.6	  22.9	   30.0	  147.8	  51.1	3655.0
4806.9	 31.78	 45.5	 45.9\  25.6	  22.9	   30.0	  147.8	  50.9	3650.0
4827.2	 31.78	 45.5	 45.9\  25.6	  22.9	   30.0	  147.8	  51.0	3653.0
4847.5	 31.79	 45.5	 45.9\  25.6	  22.9	   30.0	  147.7	  51.0	3649.0
4867.8	 31.79	 45.5	 45.9\  25.6	  22.9	   30.0	  147.8	  51.0	3652.0
4888.1	 31.78	 45.5	 45.9\  25.6	  22.9	   30.0	  147.8	  51.0	3651.0
4908.4	 31.78	 45.5	 45.9\  25.6	  22.9	   30.0	  147.8	  51.0	3650.0
4928.7	 31.80	 45.5	 46.0\  25.6	  22.9	   30.0	  147.7	  51.0	3644.0
4948.9	 31.80	 45.5	 45.9\  25.6	  22.9	   30.0	  147.8	  51.0	3651.0
4969.2	 31.80	 45.5	 45.9\  25.6	  22.9	   30.0	  147.8	  51.0	3651.0
4989.5	 31.80	 45.5	 45.9\  25.6	  22.9	   30.0	  147.8	  51.0	3649.0
5009.8	 31.82	 45.5	 45.9\  25.6	  22.9	   30.0	  147.8	  51.0	3652.0
5030.1	 31.80	 45.5	 46.0\  25.6	  22.9	   30.0	  147.8	  51.0	3645.0
5050.4	 31.80	 45.6	 46.0\  25.6	  22.9	   30.0	  147.8	  51.0	3646.0
5070.7	 31.83	 45.5	 45.9\  25.6	  22.9	   30.0	  147.8	  51.0	3642.0
5090.9	 31.83	 45.5	 45.9\  25.6	  22.9	   30.0	  147.8	  51.0	3648.0
5111.2	 31.83	 45.4	 45.8\  25.6	  22.9	   30.0	  147.7	  51.0	3651.0
5131.5	 31.83	 45.3	 45.7\  25.6	  22.9	   30.0	  147.8	  51.1	3660.0
5151.8	 31.83	 45.4	 45.8\  25.6	  22.9	   30.0	  147.8	  51.0	3653.0
5172.0	 31.83	 45.4	 45.8\  25.6	  22.9	   30.0	  147.8	  51.1	3649.0
5192.3	 31.82	 45.4	 45.8\  25.6	  22.9	   30.0	  147.8	  51.0	3656.0
5212.6	 31.82	 45.4	 45.8\  25.6	  22.9	   30.0	  147.7	  51.0	3655.0
5232.8	 31.83	 45.4	 45.8\  25.6	  22.9	   30.0	  147.8	  51.0	3657.0
5253.1	 31.83	 45.5	 45.8\  25.6	  22.9	   30.0	  147.7	  51.0	3655.0
5273.5	 31.83	 45.4	 45.8\  25.6	  22.9	   30.0	  147.8	  50.9	3653.0
5293.8	 31.85	 45.4	 45.8\  25.6	  22.9	   30.0	  147.8	  51.0	3656.0
5314.1	 31.85	 45.4	 45.8\  25.6	  22.9	   30.0	  147.8	  51.1	3657.0
5334.4	 31.86	 45.4	 45.9\  25.6	  22.9	   30.0	  147.8	  51.0	3655.0
5354.6	 31.86	 45.4	 45.8\  25.6	  22.9	   30.0	  147.8	  51.0	3655.0
5374.9	 31.85	 45.4	 45.8\  25.6	  22.9	   30.0	  147.8	  51.1	3657.0
5395.2	 31.85	 45.5	 45.9\  25.6	  22.9	   30.0	  147.8	  51.0	3652.0
5415.4	 31.85	 45.4	 45.9\  25.6	  22.9	   30.0	  147.7	  50.9	3651.0
5435.7	 31.85	 45.4	 45.8\  25.6	  22.9	   30.0	  147.7	  51.1	3656.0
5456.0	 31.87	 45.4	 45.8\  25.6	  22.9	   30.0	  147.7	  51.0	3656.0
5476.3	 31.86	 45.4	 45.8\  25.6	  22.9	   30.0	  147.8	  51.0	3654.0
5496.5	 31.86	 45.4	 45.8\  25.6	  22.9	   30.0	  147.8	  51.0	3656.0
5516.9	 31.85	 45.4	 45.8\  25.6	  22.9	   30.0	  147.8	  51.1	3655.0
5537.2	 31.85	 45.5	 45.8\  25.6	  22.9	   30.0	  147.7	  50.9	3653.0
5557.5	 31.85	 45.5	 45.8\  25.6	  22.9	   30.0	  147.7	  51.0	3654.0
5577.8	 31.85	 45.4	 45.9\  25.6	  22.9	   30.0	  147.8	  51.1	3655.0
5598.1	 31.85	 45.5	 45.8\  25.6	  22.9	   30.0	  147.7	  51.0	3647.0
5618.4	 31.85	 45.5	 45.9\  25.6	  22.9	   30.0	  147.7	  51.0	3656.0
5638.7	 31.85	 45.4	 45.8\  25.6	  22.9	   30.0	  147.7	  51.0	3655.0
5659.0	 31.85	 45.4	 45.8\  25.6	  22.9	   30.0	  147.8	  51.0	3647.0
5679.3	 31.85	 45.4	 45.9\  25.6	  22.9	   30.0	  147.8	  50.9	3649.0
5699.6	 31.85	 45.5	 45.8\  25.6	  22.9	   30.0	  147.8	  51.0	3651.0
5719.8	 31.85	 45.4	 45.8\  25.6	  22.9	   30.0	  147.7	  51.0	3656.0
5740.1	 31.86	 45.4	 45.8\  25.6	  22.9	   30.0	  147.8	  51.0	3652.0
5760.4	 31.86	 45.5	 45.9\  25.6	  22.9	   30.0	  147.8	  50.9	3652.0
5780.7	 31.86	 45.5	 45.9\  25.6	  22.9	   30.0	  147.8	  51.0	3654.0
5801.0	 31.86	 45.5	 45.9\  25.6	  22.9	   30.0	  147.8	  51.0	3655.0
5821.3	 31.86	 45.5	 45.9\  25.6	  22.9	   30.0	  147.7	  51.0	3642.0
5841.6	 31.86	 45.5	 45.8\  25.6	  22.9	   30.0	  147.8	  51.0	3655.0
5861.9	 31.86	 45.5	 45.9\  25.6	  22.9	   30.0	  147.8	  51.1	3654.0
5882.2	 31.86	 45.5	 45.9\  25.6	  22.9	   30.0	  147.8	  51.0	3646.0
5902.4	 31.86	 45.5	 45.9\  25.6	  22.9	   30.1	  147.8	  50.9	3648.0
5922.7	 31.89	 45.5	 45.9\  25.6	  22.9	   30.0	  147.7	  51.1	3652.0
5943.0	 31.89	 45.5	 45.9\  25.6	  22.9	   30.0	  147.8	  51.1	3654.0
5963.3	 31.86	 45.5	 45.8\  25.6	  22.9	   30.0	  147.8	  51.0	3653.0
5983.6	 31.86	 45.5	 45.9\  25.6	  22.9	   30.0	  147.8	  51.0	3653.0
6003.9	 31.87	 45.5	 45.9\  25.6	  22.9	   30.0	  147.8	  51.1	3652.0
6024.1	 31.87	 45.5	 45.9\  25.6	  22.9	   30.0	  147.8	  51.0	3651.0
6044.4	 31.87	 45.5	 45.9\  25.6	  22.9	   30.0	  147.8	  51.0	3652.0
6064.7	 31.87	 45.5	 45.9\  25.6	  22.9	   30.0	  147.7	  51.1	3651.0
6085.0	 31.87	 45.5	 45.9\  25.6	  22.9	   30.0	  147.8	  51.1	3653.0
6105.3	 31.87	 45.5	 45.9\  25.6	  22.9	   30.0	  147.8	  51.0	3652.0
6125.5	 31.86	 45.5	 45.9\  25.6	  22.9	   30.0	  147.8	  51.0	3653.0
6145.8	 31.86	 45.5	 45.9\  25.6	  22.9	   30.0	  147.8	  51.0	3652.0
6166.1	 31.86	 45.5	 45.9\  25.6	  22.9	   30.0	  147.8	  51.0	3651.0
6186.4	 31.89	 45.5	 45.9\  25.6	  22.9	   30.0	  147.8	  51.0	3656.0
6206.7	 31.89	 45.5	 45.9\  25.6	  22.9	   30.0	  147.8	  51.1	3654.0
6226.9	 31.89	 45.5	 45.9\  25.6	  22.9	   30.0	  147.8	  51.0	3651.0
6247.2	 31.89	 45.5	 45.9\  25.6	  22.9	   30.0	  147.8	  51.0	3651.0
6267.5	 31.87	 45.5	 45.9\  25.6	  22.9	   30.0	  147.8	  51.0	3655.0
6287.8	 31.87	 45.5	 45.9\  25.6	  22.9	   30.0	  147.8	  51.1	3653.0
6308.1	 31.89	 45.5	 45.9\  25.6	  22.9	   30.0	  147.7	  51.0	3652.0
6328.3	 31.89	 45.5	 45.9\  25.6	  22.9	   30.0	  147.8	  51.0	3653.0
6348.6	 31.90	 45.5	 45.9\  25.6	  22.9	   30.0	  147.8	  51.0	3649.0
6368.9	 31.90	 45.4	 45.8\  25.6	  22.9	   30.0	  147.7	  51.0	3652.0
6389.2	 31.90	 45.3	 45.8\  25.6	  22.9	   30.0	  147.8	  51.1	3662.0
6409.5	 31.89	 45.4	 45.8\  25.6	  22.9	   30.0	  147.8	  51.1	3661.0
6429.8	 31.89	 45.4	 45.8\  25.6	  22.9	   30.0	  147.8	  51.0	3657.0
6450.1	 31.90	 45.4	 45.8\  25.6	  22.9	   30.0	  147.8	  51.0	3662.0
6470.3	 31.90	 45.4	 45.8\  25.6	  22.9	   30.0	  147.8	  51.1	3661.0
6490.6	 31.89	 45.4	 45.8\  25.6	  22.9	   30.0	  147.8	  50.9	3654.0
6510.9	 31.89	 45.4	 45.7\  25.6	  22.9	   30.0	  147.8	  50.9	3660.0
6531.2	 31.90	 45.4	 45.8\  25.6	  22.9	   30.0	  147.8	  51.1	3656.0
6551.5	 31.90	 45.4	 45.8\  25.6	  22.9	   30.0	  147.8	  51.1	3660.0
6571.8	 31.90	 45.4	 45.8\  25.6	  22.9	   30.0	  147.8	  50.9	3654.0
6592.0	 31.90	 45.4	 45.8\  25.6	  22.9	   30.0	  147.8	  51.0	3661.0
6612.3	 31.90	 45.4	 45.8\  25.6	  22.9	   30.0	  147.8	  51.1	3654.0
6632.6	 31.90	 45.4	 45.8\  25.6	  22.9	   30.0	  147.8	  51.1	3657.0
6652.9	 31.90	 45.4	 45.9\  25.6	  22.9	   30.0	  147.8	  51.0	3651.0
6673.2	 31.87	 45.4	 45.8\  25.6	  22.9	   30.0	  147.7	  51.0	3658.0
6693.4	 31.87	 45.4	 45.8\  25.6	  22.9	   30.0	  147.8	  51.0	3659.0
6713.7	 31.90	 45.4	 45.8\  25.6	  22.9	   30.0	  147.8	  51.1	3659.0
6734.0	 31.90	 45.4	 45.8\  25.6	  22.9	   30.0	  147.8	  50.9	3658.0
6754.3	 31.90	 45.4	 45.8\  25.6	  22.9	   30.0	  147.8	  51.0	3660.0
6774.6	 31.90	 45.4	 45.8\  25.6	  22.9	   30.0	  147.8	  51.0	3660.0
6794.8	 31.89	 45.3	 45.8\  25.6	  22.9	   30.0	  147.7	  51.0	3657.0
6815.1	 31.89	 45.4	 45.8\  25.6	  22.9	   30.0	  147.7	  51.0	3658.0
6835.4	 31.89	 45.4	 45.8\  25.6	  22.9	   30.0	  147.8	  51.0	3660.0
6855.7	 31.89	 45.4	 45.8\  25.6	  22.9	   30.0	  147.7	  51.1	3657.0
6876.0	 31.89	 45.4	 45.8\  25.6	  22.9	   30.0	  147.7	  51.0	3658.0
6896.3	 31.89	 45.4	 45.8\  25.6	  22.9	   30.0	  147.8	  50.9	3660.0
6916.6	 31.89	 45.3	 45.8\  25.6	  22.9	   30.0	  147.8	  51.1	3660.0
6936.8	 31.90	 45.4	 45.8\  25.6	  22.9	   30.0	  147.8	  51.1	3659.0
6957.1	 31.90	 45.4	 45.9\  25.6	  22.9	   30.0	  147.8	  50.9	3657.0
6977.4	 31.89	 45.4	 45.8\  25.6	  22.9	   30.0	  147.8	  51.0	3658.0
6997.6	 31.89	 45.4	 45.8\  25.6	  22.9	   30.0	  147.8	  51.1	3661.0
7017.9	 31.90	 45.4	 45.8\  25.6	  22.9	   30.0	  147.8	  51.0	3658.0
7038.2	 31.90	 45.4	 45.8\  25.6	  22.9	   30.0	  147.8	  50.9	3659.0
7058.5	 31.90	 45.4	 45.8\  25.6	  22.9	   30.0	  147.8	  51.0	3660.0
7078.8	 31.90	 45.4	 45.8\  25.6	  22.9	   30.0	  147.7	  51.1	3660.0
7099.1	 31.90	 45.4	 45.8\  25.6	  22.9	   30.0	  147.8	  51.0	3643.0
7119.5	 31.90	 45.4	 45.8\  25.6	  22.9	   30.0	  147.8	  51.0	3659.0
7139.8	 31.90	 45.4	 45.8\  25.6	  22.9	   30.0	  147.8	  50.9	3657.0
7160.1	 31.90	 45.4	 45.8\  25.6	  22.9	   30.0	  147.7	  51.0	3656.0
7180.4	 31.90	 45.4	 45.8\  25.6	  22.9	   30.0	  147.8	  51.1	3659.0
7200.6	 31.90	 45.4	 45.9\  25.6	  22.9	   30.0	  147.8	  51.0	3657.0
7220.9	 31.90	 45.4	 45.8\  25.6	  22.9	   30.0	  147.8	  50.9	3654.0
7241.2	 31.90	 45.4	 45.8\  25.6	  22.9	   30.0	  147.7	  51.0	3657.0
7261.4	 31.90	 45.4	 45.8\  25.6	  22.9	   30.0	  147.8	  51.1	3659.0
7281.8	 31.90	 45.4	 45.8\  25.6	  22.9	   30.0	  147.8	  51.1	3661.0
